 PDEW 2007 08 01 08 16 00.20   33.9000  136.6100 370.5 5.3 5.5 NEAR S. COAST OF WESTERN HONSHU
event name:    200708010815A
time shift:           1.2900
half duration:        1.3000
latitude:            33.8399
longitude:          136.5974
depth:              372.2754
Mrr:            3.686150E+23
Mtt:            4.480880E+23
Mpp:           -8.167040E+23
Mrt:            3.099000E+23
Mrp:           -1.058980E+24
Mtp:           -9.464080E+23
